,Poster,Likes_count,Liker
0,chrisleonard0,3,Alexxzlexi
1,RachealGray,34,Alexxzlexi
2,W21Tony,25,Alexxzlexi
3,remcalum,60,Alexxzlexi
4,imaginetea,50,Alexxzlexi
5,NinoBrown0728,45,Alexxzlexi
6,laurelstucky,35,Alexxzlexi
7,KINGDOMHEARTS,25,Alexxzlexi
8,DemiTourCentral,2,Alexxzlexi
9,sabrinanetflix,118,Alexxzlexi
10,joejonas,70,Alexxzlexi
11,xtina,1,Alexxzlexi
12,Nadeshot,17,Alexxzlexi
13,cmbrenee,52,Alexxzlexi
14,chrissyteigen,8,Alexxzlexi
15,mynameischapel,45,Alexxzlexi
16,hellocmb,17,Alexxzlexi
17,Notes2Strangers,21,Alexxzlexi
18,tonyraines,48,Alexxzlexi
19,PortalLovatoMG,5,Alexxzlexi
20,RWitherspoon,47,Alexxzlexi
21,successfulag,42,Alexxzlexi
22,iamnotjuliee,49,Alexxzlexi
23,ddlovato,17,Alexxzlexi
24,JesseMcCartney,11,Alexxzlexi
25,PaigeKC23,8,Alexxzlexi
26,dalaveesh,45,Alexxzlexi
27,MandyHary,30,Alexxzlexi
28,tjlavin,21,Alexxzlexi
