,Poster,Likes_count,Liker
0,Rocky_BalNoah,49,assylalyssa3
1,dodo,52,assylalyssa3
2,inherfeeIs,34,assylalyssa3
3,CassyGoble,43,assylalyssa3
4,sarceno64,29,assylalyssa3
5,mjayyrawr,54,assylalyssa3
6,imjusterikaa,45,assylalyssa3
7,OnlySwikey,46,assylalyssa3
8,Trapicul,50,assylalyssa3
9,Ietsvibe,36,assylalyssa3
10,Justzachdoe,25,assylalyssa3
11,Sassy_Cindy_27,31,assylalyssa3
12,FreeTrendy_,42,assylalyssa3
13,Larvruiz_,49,assylalyssa3
14,sky_gutierrez,15,assylalyssa3
15,JoshuaMcEvoy271,3,assylalyssa3
16,Navjosh,33,assylalyssa3
17,chuuzus,39,assylalyssa3
18,dej11,36,assylalyssa3
19,jacquelineestey,27,assylalyssa3
20,isabellreyess,40,assylalyssa3
21,_msnchz,39,assylalyssa3
