,Poster,Likes_count,Liker
0,RobertKuntz,29,eugeneflinn
1,kristincarrera,31,eugeneflinn
2,FlMayors,15,eugeneflinn
3,jbfitness66,63,eugeneflinn
4,NadegeGreen,33,eugeneflinn
5,PalmettoBayVlg,18,eugeneflinn
6,DDecespedes,57,eugeneflinn
7,MyFWC,26,eugeneflinn
8,XavierLSuarez1,122,eugeneflinn
9,davidsaulacosta,38,eugeneflinn
10,USATXFL,23,eugeneflinn
11,mayorbermudez,28,eugeneflinn
12,EdibleSoFla,26,eugeneflinn
13,linwoodschulman,30,eugeneflinn
