,Poster,Likes_count,Liker
0,JosephTheriault,2,MalwarEarthling
1,ItsReallyNick,14,MalwarEarthling
2,hacks4pancakes,20,MalwarEarthling
3,Viss,32,MalwarEarthling
4,DanielMiessler,8,MalwarEarthling
5,Maliciouslink,4,MalwarEarthling
6,pmelson,27,MalwarEarthling
7,arielhelwani,34,MalwarEarthling
8,GroovyBruce,1,MalwarEarthling
9,MeCookieMonster,19,MalwarEarthling
10,chrissanders88,6,MalwarEarthling
11,joejerome,15,MalwarEarthling
12,WalshFreedom,15,MalwarEarthling
13,SwiftOnSecurity,25,MalwarEarthling
14,jenkemhuffer63,10,MalwarEarthling
15,marcusjcarey,82,MalwarEarthling
16,computerfact,20,MalwarEarthling
17,jaredhaight,15,MalwarEarthling
18,MalwareJake,2,MalwarEarthling
19,QW5kcmV3,3,MalwarEarthling
20,JoshuaBaer,9,MalwarEarthling
21,malwareunicorn,14,MalwarEarthling
22,DuffelBlog,25,MalwarEarthling
23,nytimes,49,MalwarEarthling
24,criznash,8,MalwarEarthling
25,_heartsucker,4,MalwarEarthling
26,selenalarson,76,MalwarEarthling
27,prsecurity_,4,MalwarEarthling
28,washingtonpost,9,MalwarEarthling
29,LEHLight,3,MalwarEarthling
30,xme,27,MalwarEarthling
31,1aprildaniels,18,MalwarEarthling
32,JoeBeOne,13,MalwarEarthling
33,da_667,134,MalwarEarthling
34,vysecurity,4,MalwarEarthling
35,IanColdwater,2,MalwarEarthling
36,0xAmit,39,MalwarEarthling
37,Bitquark,19,MalwarEarthling
38,rseymour,13,MalwarEarthling
39,MeganStifel,4,MalwarEarthling
40,defcon,3,MalwarEarthling
41,isaacstonefish,2,MalwarEarthling
42,thegrugq,22,MalwarEarthling
43,ErrataRob,72,MalwarEarthling
44,GossiTheDog,2,MalwarEarthling
