,Poster,Likes_count,Liker
0,itmeJP,10,Maven
1,Thefriskyorphan,1,Maven
2,endful_,3,Maven
3,austin_tay23,2,Maven
4,BasicallyIDoWrk,12,Maven
5,LIRIK,4,Maven
6,ScottLowe,2,Maven
7,AIRBORNEJAG01,1,Maven
8,SimpTheSickJoke,3,Maven
9,timthetatman,5,Maven
10,PokerbuttOnce,18,Maven
11,Tmk_HS,4,Maven
12,CityOfFriscoTx,2,Maven
13,xYooper_,5,Maven
14,katgaugler,57,Maven
15,addrake,3,Maven
16,zchmz,1,Maven
17,MrAdamAp,31,Maven
18,Dazed_Table,16,Maven
19,MrPyro17,3,Maven
20,MrFrankieMojo,11,Maven
21,JoeDeLuca,18,Maven
22,akaBORT,4,Maven
23,RalDaddy,7,Maven
24,djWHEAT,16,Maven
25,MF_Shockz,2,Maven
26,SirScoots,14,Maven
27,ethuun,3,Maven
28,DrLupo,7,Maven
29,Revitalize,5,Maven
30,CouRageJD,13,Maven
31,OpTicH3CZ,1,Maven
32,colebauer,17,Maven
33,MetrixTheLlama,4,Maven
34,MattMrX,81,Maven
35,visionairex,3,Maven
36,PathsOfBdB,4,Maven
37,CODGamepedia,3,Maven
38,drdisrespect,2,Maven
39,RY__MURPHY,5,Maven
40,Slasher,1,Maven
41,killakellerflow,10,Maven
42,WorldsBedford,12,Maven
43,FierceEIite,4,Maven
44,kevin_chisley,13,Maven
45,Clayster,23,Maven
46,PaulCharchian,3,Maven
47,TristanSpoof,1,Maven
48,sjokz,13,Maven
49,ScottGandhi,9,Maven
50,PaulChaloner,3,Maven
51,lisadunlop87,1,Maven
52,NickBesTMaN,17,Maven
53,PacmanJT,19,Maven
54,BrenCasts,57,Maven
55,BobMorrisJr,5,Maven
56,BrianSaintt,18,Maven
57,pokimanelol,4,Maven
58,jennaezarik,5,Maven
59,Muddawg,62,Maven
60,Lunalovebadxo,3,Maven
61,Gen2Starscream,13,Maven
62,blakeir,5,Maven
