,Poster,Likes_count,Liker
0,SMTMUK,42,Ryan5Hall
1,FamousBirthdays,32,Ryan5Hall
2,alexsimmonstv,49,Ryan5Hall
3,England_RL,43,Ryan5Hall
4,holymackerel3,4,Ryan5Hall
5,SuperLeague,27,Ryan5Hall
6,novicenick,47,Ryan5Hall
7,Stevemac21,56,Ryan5Hall
8,brettdelaney15,50,Ryan5Hall
9,boringryanhall,84,Ryan5Hall
10,sydneyroosters,34,Ryan5Hall
11,SamBurgess8,14,Ryan5Hall
12,BrettFerres11,45,Ryan5Hall
13,janey2027,2,Ryan5Hall
14,Matthewjames131,31,Ryan5Hall
15,shaunstockhill,14,Ryan5Hall
16,KeithSenior4,42,Ryan5Hall
17,J_mcGillvary,51,Ryan5Hall
18,BIGJONFB,55,Ryan5Hall
19,joshcomber1,44,Ryan5Hall
20,MooreRjmoorey,21,Ryan5Hall
21,andyfielding56,34,Ryan5Hall
