,Poster,Likes_count,Liker
0,wajrcs,9,Will_1091
1,mariapaz899,54,Will_1091
2,OzzyOsbourne,45,Will_1091
3,CarlosCarrilloA,22,Will_1091
4,CapturasDeWa,12,Will_1091
5,elespectador,8,Will_1091
6,_youhadonejob1,30,Will_1091
7,1280Almas,23,Will_1091
8,HOLLMANMORRIS,58,Will_1091
9,ELTIEMPO,45,Will_1091
10,SoyAndresParra,12,Will_1091
11,BetoC_Castro,27,Will_1091
12,Margaritarosadf,40,Will_1091
13,EChavarro,51,Will_1091
14,fouroctets,10,Will_1091
15,MargaritaM,31,Will_1091
16,Cafesucho,53,Will_1091
17,nnwakelam,18,Will_1091
18,EdBatiPoeta,4,Will_1091
19,PaisMenosPeor,1,Will_1091
20,neotropico,11,Will_1091
21,linamadison_,13,Will_1091
22,KatherineM_G,4,Will_1091
23,anais8000,24,Will_1091
24,EsDeFeminazis,4,Will_1091
25,Pelicolombianas,37,Will_1091
26,platzi,30,Will_1091
27,petrogustavo,22,Will_1091
28,JANDR3S__,11,Will_1091
29,JERobledo,57,Will_1091
30,jdlaverde9,17,Will_1091
31,actualidadpanam,26,Will_1091
32,brenzambranoc,11,Will_1091
