,Poster,Likes_count,Liker
0,ProudResister,8,EmmaBeeblebrox
1,TARDIS_Junkie,2,EmmaBeeblebrox
2,Anonymous52791,5,EmmaBeeblebrox
3,pccrasher,5,EmmaBeeblebrox
4,DMGrill,5,EmmaBeeblebrox
5,TopRopeTravis,5,EmmaBeeblebrox
6,emrazz,3,EmmaBeeblebrox
7,bcuriouswithme,3,EmmaBeeblebrox
8,ZIGGYtheIRISH,1,EmmaBeeblebrox
9,cezook_zook,3,EmmaBeeblebrox
10,Logan_P_Hesse,1,EmmaBeeblebrox
11,B25364,5,EmmaBeeblebrox
12,questionltd,5,EmmaBeeblebrox
13,brainylainie,2,EmmaBeeblebrox
14,DrumpfsterDiver,1,EmmaBeeblebrox
15,debbiesideris,4,EmmaBeeblebrox
16,Ltd_To_Two,1,EmmaBeeblebrox
17,rkfatheree,4,EmmaBeeblebrox
