,Poster,Likes_count,Liker
0,johncutlefish,13,JariLaakso
1,mfeathers,4,JariLaakso
2,sapinker,3,JariLaakso
3,davenicolette,2,JariLaakso
4,snowded,4,JariLaakso
5,mpjme,5,JariLaakso
6,jakeforaker,2,JariLaakso
7,DanielMezick,4,JariLaakso
8,michaelbolton,2,JariLaakso
9,sebrose,3,JariLaakso
10,hosseeb,2,JariLaakso
11,allenholub,5,JariLaakso
12,LeonTranterEU,3,JariLaakso
13,bbogsnes,1,JariLaakso
14,Huperniketes,6,JariLaakso
15,kwilli1046,4,JariLaakso
16,clairejlew,5,JariLaakso
