,Poster,Likes_count,Liker
0,PodSaveAmerica,1,miamisearise
1,CLEOInstitute,9,miamisearise
2,marinelifemike,5,miamisearise
3,rorybilmore,5,miamisearise
4,JohnMoralesNBC6,2,miamisearise
5,greghamra,3,miamisearise
6,WSekurity,4,miamisearise
7,GwenGraham,5,miamisearise
8,Field_School,1,miamisearise
9,DrNeilHammer,1,miamisearise
10,Jittrbug,1,miamisearise
11,seandrussell,5,miamisearise
12,SQComms1,4,miamisearise
13,TananariveDue,5,miamisearise
14,jeffgoodell,3,miamisearise
15,stein_katherine,1,miamisearise
16,HeadCoachKev,2,miamisearise
17,tinacornely,2,miamisearise
