,Poster,Likes_count,Liker
0,ZeroBenedict,3,Mrwhosetheboss
1,Cocktail_jail,12,Mrwhosetheboss
2,boricua434,5,Mrwhosetheboss
3,sveti_sisoje,5,Mrwhosetheboss
4,AiranPage12,1,Mrwhosetheboss
5,hardwarecanucks,3,Mrwhosetheboss
6,iDeviceHelpus,2,Mrwhosetheboss
7,requiemsarch,2,Mrwhosetheboss
8,SYMONLFC,5,Mrwhosetheboss
9,abhishek,1,Mrwhosetheboss
10,zeroarmatafo,4,Mrwhosetheboss
11,Lyn25___,5,Mrwhosetheboss
12,zakariya_rumi,5,Mrwhosetheboss
13,whatgearreviews,1,Mrwhosetheboss
14,MyInstantSearch,2,Mrwhosetheboss
15,rivera_jedan,4,Mrwhosetheboss
16,twosecslater,4,Mrwhosetheboss
17,demasterlikas,5,Mrwhosetheboss
18,BepisIsLou,2,Mrwhosetheboss
